Gen: 50
Best: 0.8175022955620638  Worst: 2.2587582579319907 Average: 1.180068866112652
Gen: 49
Best: 0.8175022955620638  Worst: 1.2304829064869167 Average: 1.043585984198862
Gen: 48
Best: 0.624727633588311  Worst: 1.1641793421718536 Average: 0.890964018237252
